chr	from	to	state	length	slope	p	fcp	pol_mean	pol_left	pol_right	na	cor	slope_adj	pol_adj_left	pol_adj_right
chr21	10727001	10744000	U	17000	1536	93	86	53	41	66	0	68	1000	43	60
chr21	10763001	10781000	U	18000	2848	92	85	63	39	88	0	72	2500	42	87
chr21	10930001	10943000	U	13000	635	22	7	41	37	45	0	25	846	33	44
chr21	15356001	15414000	U	58000	680	93	87	55	36	75	2	70	586	34	68
chr21	15707001	15725000	U	18000	1153	83	68	47	37	56	0	62	944	38	55
chr21	15800001	15811000	U	11000	2355	87	58	48	36	60	0	48	364	42	46
chr21	17054001	17107000	U	53000	780	92	66	60	40	81	0	78	717	44	82
chr21	17740001	17792000	U	52000	715	99	95	53	35	72	0	72	846	32	76
chr21	18464001	18519000	U	55000	427	80	72	38	26	49	0	47	382	27	48
chr21	18612001	18636000	U	24000	1392	95	75	55	39	71	0	70	917	44	66
chr21	18703001	18717000	U	14000	2493	95	73	59	43	75	0	62	1429	48	68
chr21	19110001	19150000	U	40000	436	81	54	61	52	69	0	36	325	55	68
chr21	19254001	19266000	U	12000	1398	98	75	70	62	78	0	59	1000	59	71
chr21	20102001	20168000	U	66000	448	90	76	56	42	71	0	69	545	32	68
chr21	20942001	20998000	U	56000	372	95	93	52	42	62	0	53	554	34	65
chr21	21809001	21823000	U	14000	1461	72	23	38	29	48	0	53	500	40	47
chr21	22331001	22373000	U	42000	774	94	83	42	26	58	0	68	667	26	54
chr21	22913001	22928000	U	15000	1537	94	88	39	28	50	0	59	1533	27	50
chr21	23033001	23056000	U	23000	1433	80	47	57	41	73	0	64	1174	44	71
chr21	24756001	24775000	U	19000	1279	73	48	51	40	63	0	69	737	46	60
chr21	25173001	25189000	U	16000	1250	96	75	49	39	58	0	47	625	44	54
chr21	25512001	25526000	U	14000	2006	67	20	50	37	63	0	68	1000	43	57
chr21	26274001	26293000	U	19000	852	85	60	46	39	54	0	42	421	42	50
chr21	26962001	27088000	U	126000	405	97	95	44	19	69	1	81	429	20	74
chr21	27539001	27576000	U	37000	1186	93	86	46	24	67	0	71	1081	28	68
chr21	29159001	29171000	U	12000	2033	97	71	34	23	45	0	54	1083	30	43
chr21	29274001	29291000	U	17000	1867	90	81	37	22	52	0	75	824	26	40
chr21	29569001	29604000	U	35000	641	93	89	48	37	59	0	45	571	34	54
chr21	30361001	30380000	U	19000	1964	89	74	37	20	55	0	76	1474	22	50
chr21	30751001	30773000	U	22000	872	91	84	56	47	65	0	66	1000	52	74
chr21	32934001	32986000	U	52000	760	93	88	40	21	60	0	75	731	22	60
chr21	33985001	34004000	U	19000	1757	97	93	61	45	77	0	75	1842	38	73
chr21	34180001	34207000	U	27000	783	69	59	68	58	78	0	48	593	56	72
chr21	34585001	34601000	U	16000	1465	94	84	37	26	48	0	67	1188	21	40
chr21	34845001	34892000	U	47000	730	92	88	55	38	72	2	65	553	44	70
chr21	35209001	35286000	U	77000	617	98	95	51	28	75	1	84	610	29	76
chr21	35848001	35868000	U	20000	1060	95	88	55	45	65	0	61	900	45	63
chr21	36597001	36625000	U	28000	761	81	54	45	35	55	0	55	464	41	54
chr21	37671001	37712000	U	41000	1090	90	71	53	32	75	0	71	1024	28	70
chr21	38418001	38446000	U	28000	1550	92	88	59	38	80	0	78	1321	36	73
chr21	38696001	38735000	U	39000	119	95	64	60	57	62	3	12	410	50	66
chr21	38900001	38941000	U	41000	761	93	86	53	37	68	0	71	829	40	74
chr21	39733001	39747000	U	14000	1906	88	78	51	39	63	0	60	1286	40	58
chr21	40686001	40711000	U	25000	1467	93	85	35	18	53	0	81	1440	20	56
chr21	40951001	40990000	U	39000	446	66	44	64	55	72	0	54	154	56	62
chr21	42359001	42373000	U	14000	3145	89	78	45	24	65	7	72	1643	34	57
chr21	43140001	43155000	U	15000	389	66	58	53	51	56	0	28	533	48	56
chr21	43912001	43935000	U	23000	393	14	7	69	64	73	0	24	435	61	71
chr21	44360001	44401000	U	41000	365	49	35	46	39	54	0	42	537	34	56
chr21	44982001	45004000	U	22000	1034	84	74	37	27	48	0	58	545	28	40
chr21	45115001	45144000	U	29000	999	91	84	40	26	54	0	62	862	28	53
chr21	45178001	45210000	U	32000	515	57	31	51	43	59	0	57	656	41	62
chr21	45409001	45433000	U	24000	1033	95	86	56	44	68	0	67	750	50	68
chr21	45761001	45770000	U	9000	2947	18	4	66	54	78	0	73	1445	64	77
chr21	46483001	46499000	U	16000	1267	92	85	66	56	75	0	59	1125	56	74
chr21	46656001	46674000	U	18000	1765	74	57	41	26	56	0	70	889	32	48
chr21	46964001	46996000	U	32000	581	75	67	49	40	58	0	48	438	42	56
chr21	47113001	47132000	U	19000	1081	94	77	68	59	78	0	63	737	60	74
chr21	47555001	47603000	U	48000	295	79	44	51	44	58	0	37	479	39	62
chr21	48010001	48064000	U	54000	762	99	95	48	28	68	0	77	648	27	62
chr	from	to	state	length	slope	p	fcp	pol_mean	pol_left	pol_right	na	cor	slope_adj	pol_adj_left	pol_adj_right
chr22	16630001	16641000	U	11000	1987	96	75	44	34	54	0	45	1364	35	50
chr22	16683001	16698000	U	15000	2374	92	80	45	28	61	0	76	2333	31	66
chr22	17196001	17236000	U	40000	540	64	48	30	19	40	0	54	225	24	33
chr22	18030001	18076000	U	46000	387	95	88	39	30	47	9	43	283	37	50
chr22	18251001	18272000	U	21000	1918	98	92	49	30	68	0	71	1524	34	66
chr22	18504001	18561000	U	57000	607	97	93	48	31	65	0	76	526	30	60
chr22	19103001	19158000	U	55000	418	90	80	42	31	53	2	54	400	32	54
chr22	19821001	19848000	U	27000	1031	82	53	58	44	71	0	71	852	41	64
chr22	20763001	20789000	U	26000	563	95	87	58	51	65	0	28	423	49	60
chr22	21317001	21341000	U	24000	1047	97	85	53	41	65	0	54	917	38	60
chr22	21875001	21929000	U	54000	443	100	95	49	38	61	15	46	481	36	62
chr22	21983001	21997000	U	14000	1883	85	42	62	49	74	0	69	1714	48	72
chr22	23387001	23404000	U	17000	1095	85	64	36	27	45	0	40	882	30	45
chr22	24089001	24103000	U	14000	1029	90	45	42	36	49	7	35	857	36	48
chr22	24381001	24415000	U	34000	817	92	81	60	47	74	6	50	588	46	66
chr22	24654001	24672000	U	18000	2380	92	83	58	38	78	0	70	1611	37	66
chr22	25327001	25354000	U	27000	1400	99	91	61	43	79	0	70	1074	49	78
chr22	25796001	25826000	U	30000	1312	97	93	45	26	64	0	74	1267	32	70
chr22	26984001	27066000	U	82000	485	96	91	52	32	71	4	71	512	30	72
chr22	28216001	28240000	U	24000	831	95	79	49	39	58	0	43	917	34	56
chr22	29149001	29167000	U	18000	1886	86	76	34	19	51	6	71	2000	18	54
chr22	30101001	30134000	U	33000	361	78	60	44	39	50	0	29	364	40	52
chr22	30168001	30189000	U	21000	1985	92	82	55	35	75	0	84	1572	38	71
chr22	30461001	30472000	U	11000	2384	97	78	49	37	61	18	57	1364	49	64
chr22	30656001	30676000	U	20000	565	92	80	49	44	54	0	26	650	42	55
chr22	31504001	31561000	U	57000	501	97	85	52	38	66	2	55	509	35	64
chr22	32050001	32080000	U	30000	1675	94	88	51	26	75	13	86	1033	39	70
chr22	32312001	32345000	U	33000	1021	99	89	53	37	69	0	61	1061	38	73
chr22	32953001	32979000	U	26000	509	96	81	58	52	65	0	44	769	46	66
chr22	33627001	33649000	U	22000	1484	82	72	60	45	76	5	62	1273	48	76
chr22	34321001	34361000	U	40000	587	98	94	42	30	53	0	48	950	24	62
chr22	35747001	35782000	U	35000	694	89	82	38	26	50	11	55	971	20	54
chr22	36783001	36865000	U	82000	495	86	64	46	26	65	17	68	549	27	72
chr22	37414001	37446000	U	32000	403	97	89	37	31	43	6	36	313	34	44
chr22	38850001	38866000	U	16000	2531	97	88	52	34	72	6	71	1375	42	64
chr22	39314001	39352000	U	38000	807	92	85	56	41	71	3	59	632	40	64
chr22	40734001	40748000	U	14000	4875	94	80	49	16	74	29	80	1572	32	54
chr22	41029001	41061000	U	32000	1386	96	89	43	23	66	6	60	1250	20	60
chr22	41935001	41976000	U	41000	1032	94	90	52	30	71	17	66	732	38	68
chr22	42858001	42874000	U	16000	2480	85	64	33	17	50	19	57	1625	24	50
chr22	43482001	43498000	U	16000	2191	98	84	55	37	70	19	62	1750	44	72
chr22	45067001	45096000	U	29000	1207	92	86	34	17	51	7	66	966	22	50
chr22	45267001	45296000	U	29000	1020	93	86	51	37	65	7	51	586	42	59
chr22	45454001	45488000	U	34000	619	82	60	41	31	52	3	45	588	33	53
chr22	46410001	46448000	U	38000	925	86	70	53	36	70	3	69	895	38	72
chr22	46922001	46975000	U	53000	619	87	56	38	21	54	4	62	566	26	56
chr22	47136001	47173000	U	37000	1115	97	92	68	49	89	3	73	1081	44	84
chr22	48003001	48027000	U	24000	1101	88	78	63	51	76	4	53	1292	48	79
chr22	48359001	48380000	U	21000	701	88	54	41	34	47	10	32	810	32	49
chr22	49362001	49388000	U	26000	1778	90	82	40	18	63	8	76	1039	33	60
chr22	50199001	50213000	U	14000	1826	91	56	26	14	38	0	58	1429	16	36
chr22	50319001	50341000	U	22000	1072	88	80	38	27	49	9	58	1046	30	53
chr22	50915001	50943000	U	28000	1024	81	63	44	31	57	14	50	750	37	58
