chr	from	to	state	length	slope	p	fcp	pol_mean	pol_left	pol_right	na	cor	slope_adj	pol_adj_left	pol_adj_right
chr21	10437001	10601000	D	164000	-53	91	87	43	47	38	0	-25	-30	46	41
chr21	10744001	10763000	D	19000	-563	98	83	50	55	45	0	-49	-947	60	42
chr21	10848001	10930000	D	82000	-549	98	95	51	73	29	0	-74	-512	75	33
chr21	14384001	15356000	D	972000	-10	86	85	38	42	33	1	-20	-13	47	34
chr21	15414001	15707000	D	293000	-82	100	95	50	62	39	0	-48	-102	68	38
chr21	15725001	15800000	D	75000	-73	97	92	51	54	48	0	-14	-173	55	42
chr21	15811001	17054000	D	1243000	13	97	95	41	33	49	0	29	-2	46	44
chr21	17107001	17740000	D	633000	-86	99	98	57	84	30	0	-80	-79	82	32
chr21	17792001	18464000	D	672000	-75	99	97	54	79	28	0	-76	-73	76	27
chr21	18519001	18612000	D	93000	4	99	92	48	48	48	0	1	-43	48	44
chr21	18636001	18703000	D	67000	-89	99	96	57	60	54	3	-11	-269	66	48
chr21	18717001	19110000	D	393000	-4	99	96	59	60	58	1	-4	-33	68	55
chr21	19150001	19254000	D	104000	-110	97	96	61	67	56	0	-29	-87	68	59
chr21	19266001	20102000	D	836000	-48	99	97	43	64	23	0	-67	-47	71	32
chr21	20168001	20942000	D	774000	-53	85	83	46	66	25	0	-69	-44	68	34
chr21	20998001	21809000	D	811000	-21	97	93	60	68	51	0	-35	-31	65	40
chr21	21823001	22331000	D	508000	-42	98	95	36	46	25	0	-46	-41	47	26
chr21	22373001	22913000	D	540000	-42	98	97	38	49	26	0	-50	-50	54	27
chr21	22928001	23033000	D	105000	-6	99	97	48	49	48	0	-1	-57	50	44
chr21	23056001	24756000	D	1700000	-10	97	95	60	69	52	0	-35	-15	71	46
chr21	24775001	25173000	D	398000	-20	98	96	54	58	50	0	-20	-40	60	44
chr21	25189001	25512000	D	323000	-5	100	98	49	50	49	0	-3	-34	54	43
chr21	25526001	26274000	D	748000	-6	100	98	49	51	46	0	-11	-20	57	42
chr21	26293001	26661000	D	368000	-59	96	93	34	45	24	0	-49	-73	50	23
chr21	27088001	27539000	D	451000	-103	98	97	56	79	33	0	-70	-102	74	28
chr21	27576001	29159000	D	1583000	-21	95	93	54	70	37	0	-59	-24	68	30
chr21	29171001	29274000	D	103000	-114	98	96	35	41	30	0	-29	-165	43	26
chr21	29291001	29569000	D	278000	8	95	91	30	29	31	0	6	-22	40	34
chr21	29604001	30361000	D	757000	-31	98	97	37	49	25	0	-48	-42	54	22
chr21	30380001	30751000	D	371000	29	97	93	52	46	57	0	26	5	50	52
chr21	30773001	32285000	D	1512000	-35	100	99	57	84	31	0	-79	-30	74	28
chr21	33130001	33985000	D	855000	-44	92	89	49	68	30	0	-63	-33	66	38
chr21	34004001	34180000	D	176000	-86	91	85	62	69	54	0	-37	-97	73	56
chr21	34207001	34585000	D	378000	-135	90	81	42	67	16	0	-81	-135	72	21
chr21	34601001	34845000	D	244000	66	96	88	41	33	49	1	34	16	40	44
chr21	34892001	35209000	D	317000	-116	99	95	49	67	30	0	-68	-129	70	29
chr21	35286001	35848000	D	562000	-54	98	95	60	76	45	0	-62	-55	76	45
chr21	35868001	36597000	D	729000	-20	87	86	54	61	47	0	-28	-30	63	41
chr21	36625001	37671000	D	1046000	-30	87	86	39	54	23	0	-54	-25	54	28
chr21	37712001	38418000	D	706000	-43	98	96	49	64	34	0	-57	-48	70	36
chr21	38446001	38696000	D	250000	-96	98	95	55	66	43	0	-46	-92	73	50
chr21	38784001	38900000	D	116000	-225	99	97	56	69	43	0	-62	-259	70	40
chr21	38941001	39733000	D	792000	-50	89	86	60	80	40	0	-69	-43	74	40
chr21	39747001	39966000	D	219000	-128	79	65	39	53	25	0	-68	-119	58	32
chr21	40711001	40951000	D	240000	-6	49	46	57	58	57	0	-3	0	56	56
chr21	41979001	42359000	D	380000	-91	99	94	61	78	43	0	-71	-79	64	34
chr21	42558001	42873000	D	315000	-45	95	92	40	47	33	0	-37	-48	49	34
chr21	43155001	43362000	D	207000	-122	96	93	44	56	31	2	-63	-97	56	36
chr21	43935001	44360000	D	425000	-91	82	71	49	69	30	0	-78	-87	71	34
chr21	44700001	44982000	D	282000	-86	86	63	41	53	29	0	-60	-99	56	28
chr21	45004001	45115000	D	111000	-18	99	93	31	32	30	1	-6	-108	40	28
chr21	45144001	45178000	D	34000	-393	63	21	46	52	39	0	-44	-353	53	41
chr21	45210001	45409000	D	199000	-37	85	75	60	64	56	0	-18	-60	62	50
chr21	45433001	45565000	D	132000	-233	79	36	52	68	37	0	-71	-220	68	39
chr21	45770001	46112000	D	342000	-139	93	90	53	76	29	0	-79	-146	77	27
chr21	46499001	46656000	D	157000	-216	100	98	56	73	39	0	-75	-268	74	32
chr21	46850001	46964000	D	114000	-190	98	94	54	65	43	0	-53	-211	66	42
chr21	47082001	47113000	D	31000	-581	97	87	71	79	62	0	-42	-645	80	60
chr21	47132001	47555000	D	423000	-84	70	68	52	70	34	0	-67	-83	74	39
chr21	47735001	48010000	D	275000	-132	98	96	44	62	26	0	-75	-113	58	27
chr21	48064001	48130000	D	66000	27	67	41	58	57	59	15	5	-45	62	59
chr	from	to	state	length	slope	p	fcp	pol_mean	pol_left	pol_right	na	cor	slope_adj	pol_adj_left	pol_adj_right
chr22	16150001	16559000	D	409000	-15	94	91	44	47	41	0	-16	-17	48	41
chr22	16641001	16683000	D	42000	-289	98	94	40	46	34	2	-25	-452	50	31
chr22	16853001	17196000	D	343000	-39	98	95	35	41	28	1	-28	-79	51	24
chr22	17236001	18030000	D	794000	22	99	98	35	26	44	3	36	5	33	37
chr22	18076001	18251000	D	175000	-101	99	96	45	54	37	7	-37	-91	50	34
chr22	18272001	18504000	D	232000	-158	100	97	47	65	29	3	-70	-155	66	30
chr22	18561001	19103000	D	542000	-40	98	95	44	55	33	2	-41	-52	60	32
chr22	19158001	19821000	D	663000	-27	95	93	47	56	38	3	-32	-20	54	41
chr22	19848001	20492000	D	644000	-22	97	95	50	57	43	3	-30	-36	64	41
chr22	20789001	21317000	D	528000	-42	96	95	45	56	34	3	-40	-42	60	38
chr22	21341001	21875000	D	534000	-42	96	95	45	56	34	4	-44	-45	60	36
chr22	21929001	21983000	D	54000	-278	99	95	54	62	47	6	-29	-259	62	48
chr22	21997001	23387000	D	1390000	-27	99	98	52	71	34	3	-57	-30	72	30
chr22	23404001	24089000	D	685000	-12	94	93	41	45	37	1	-18	-13	45	36
chr22	24103001	24381000	D	278000	-9	94	90	45	46	44	8	-5	-7	48	46
chr22	24415001	24654000	D	239000	-95	100	99	47	58	36	2	-41	-121	66	37
chr22	24672001	25327000	D	655000	-1	96	95	55	55	55	3	-1	-26	66	49
chr22	25354001	25796000	D	442000	-85	99	96	58	76	39	2	-66	-104	78	32
chr22	25826001	26984000	D	1158000	-43	88	84	52	77	27	1	-70	-35	70	30
chr22	27066001	28216000	D	1150000	-38	99	98	50	72	28	1	-72	-33	72	34
chr22	28240001	29149000	D	909000	-42	99	96	35	54	16	1	-66	-42	56	18
chr22	29167001	30101000	D	934000	-18	90	88	50	58	42	3	-31	-15	54	40
chr22	30134001	30168000	D	34000	-376	97	85	47	53	41	3	-32	-412	52	38
chr22	30189001	30461000	D	272000	-22	96	86	64	67	61	3	-13	-81	71	49
chr22	30472001	30656000	D	184000	-142	99	98	54	67	41	3	-50	-120	64	42
chr22	30676001	31504000	D	828000	-29	99	95	44	56	32	3	-44	-24	55	35
chr22	31561001	32050000	D	489000	-18	97	95	56	61	52	2	-18	-51	64	39
chr22	32080001	32312000	D	232000	-114	96	94	51	65	38	4	-49	-138	70	38
chr22	32345001	32953000	D	608000	-62	99	98	58	77	39	1	-66	-44	73	46
chr22	32979001	33627000	D	648000	-27	98	92	59	68	50	1	-38	-28	66	48
chr22	33893001	34321000	D	428000	-119	98	97	43	68	17	0	-79	-107	70	24
chr22	34361001	35747000	D	1386000	-40	95	95	42	70	14	2	-77	-30	62	20
chr22	35782001	36783000	D	1001000	-30	99	94	44	59	28	7	-48	-27	54	27
chr22	36865001	37414000	D	549000	-80	100	100	58	80	36	5	-67	-69	72	34
chr22	37446001	38850000	D	1404000	3	99	97	47	45	49	11	8	-1	44	42
chr22	38866001	39314000	D	448000	-33	95	92	47	55	40	10	-27	-54	64	40
chr22	39352001	40734000	D	1382000	-7	98	96	53	58	49	11	-14	-23	64	32
chr22	40748001	41029000	D	281000	-58	100	99	26	34	18	9	-34	-121	54	20
chr22	41061001	41935000	D	874000	-6	93	87	50	53	47	18	-9	-25	60	38
chr22	41976001	42858000	D	882000	-40	99	98	48	66	31	12	-53	-50	68	24
chr22	42874001	43411000	D	537000	-10	98	92	49	51	46	11	-8	-15	50	42
chr22	43498001	45067000	D	1569000	-29	97	97	51	73	28	6	-62	-32	72	22
chr22	45096001	45267000	D	171000	-21	99	91	48	50	46	9	-7	-47	50	42
chr22	45296001	45454000	D	158000	-115	100	96	44	53	35	4	-36	-165	59	33
chr22	45488001	46410000	D	922000	-17	98	96	47	54	39	8	-27	-16	53	38
chr22	46448001	46922000	D	474000	-92	98	95	53	75	31	5	-66	-97	72	26
chr22	46975001	47136000	D	161000	-118	97	94	49	58	39	7	-34	-75	56	44
chr22	47173001	48003000	D	830000	-40	100	97	63	80	46	3	-55	-43	84	48
chr22	48027001	48359000	D	332000	-153	100	99	56	82	31	5	-72	-142	79	32
chr22	48380001	49362000	D	982000	-2	99	93	49	51	48	5	-4	-16	49	33
chr22	49388001	50199000	D	811000	-50	98	97	38	58	17	3	-65	-54	60	16
chr22	50213001	50319000	D	106000	9	87	84	33	33	34	4	2	-57	36	30
chr22	50421001	50915000	D	494000	-30	99	96	50	57	43	10	-27	-30	52	37
chr22	50943001	51211000	D	268000	22	96	94	62	59	65	8	11	-7	58	56
